[{"id": 0, "img_name": "r_0", "width": 800, "height": 800, "position": [-0.0, 2.7372601032257085, 2.9592916965484624], "rotation": [[-0.9999999403953552, -0.0, -0.0], [0.0, 0.7341099977493287, -0.6790305972099303], [-0.0, -0.6790306568145751, -0.7341098785400391]], "fy": 1250.0000504168488, "fx": 1250.0000504168488}, {"id": 1, "img_name": "r_1", "width": 800, "height": 800, "position": [-0.17187398672103885, 2.731858730316162, 2.959291696548462], "rotation": [[-0.9980266690254213, -0.04609515145421028, 0.04263668507337571], [-0.06279051303863525, 0.7326614856719971, -0.6776906847953796], [-3.725289623377898e-09, -0.67903071641922, -0.7341098785400388]], "fy": 1250.0000504168488, "fx": 1250.0000504168488}, {"id": 2, "img_name": "r_2", "width": 800, "height": 800, "position": [-0.3431337177753448, 2.716182947158814, 2.958819150924682], "rotation": [[-0.9921147227287294, -0.09199368953704834, 0.0851209983229637], [-0.12533323466777802, 0.7282050251960754, -0.6738020777702332], [-1.0186194884914827e-17, -0.6791574954986571, -0.7339926958084106]], "fy": 1250.0000504168488, "fx": 1250.0000504168488}, {"id": 3, "img_name": "r_3", "width": 800, "height": 800, "position": [-0.5132942199707032, 2.690782308578491, 2.9574005603790288], "rotation": [[-0.9822872281074525, -0.13747061789035797, 0.1273326277732849], [-0.18738132715225223, 0.7206460833549498, -0.6675009727478027], [1.4901158554186205e-08, -0.6795374751091003, -0.7336407899856567]], "fy": 1250.0000504168488, "fx": 1250.0000504168488}, {"id": 4, "img_name": "r_4", "width": 800, "height": 800, "position": [-0.6818711757659913, 2.655712842941284, 2.9550364017486577], "rotation": [[-0.9685832262039183, -0.18230323493480682, 0.16915144026279452], [-0.2486899346113205, 0.710024118423462, -0.6588013172149657], [7.450580621229908e-09, -0.6801700592041017, -0.7330543994903564]], "fy": 1250.0000504168488, "fx": 1250.0000504168488}, {"id": 5, "img_name": "r_5", "width": 800, "height": 800, "position": [-0.848380446434021, 2.611046314239502, 2.9517261981964116], "rotation": [[-0.9510563611984252, -0.2262725234031677, 0.21045725047588348], [-0.30901697278022766, 0.6963951587677001, -0.6477208137512207], [1.4901157627832596e-08, -0.6810540556907654, -0.7322331070899963]], "fy": 1250.0000504168488, "fx": 1250.0000504168488}, {"id": 6, "img_name": "r_6", "width": 800, "height": 800, "position": [-1.0123374462127686, 2.556872606277466, 2.9474692344665523], "rotation": [[-0.9297765493392945, -0.26916420459747314, 0.2511299550533295], [-0.3681245744228363, 0.6798312067985535, -0.6342818737030029], [-0.0, -0.6821876168251039, -0.7311769723892212]], "fy": 1250.0000504168488, "fx": 1250.0000504168488}, {"id": 7, "img_name": "r_7", "width": 800, "height": 800, "position": [-1.1732574701309202, 2.493299007415772, 2.9422655105590834], "rotation": [[-0.904827058315277, -0.31077042222023, 0.2910493016242981], [-0.42577931284904474, 0.6604207754135131, -0.6185112595558168], [8.10336369780141e-17, -0.6835686564445496, -0.7298861145973207]], "fy": 1250.0000504168488, "fx": 1250.0000504168488}, {"id": 8, "img_name": "r_8", "width": 800, "height": 800, "position": [-1.3306550979614258, 2.4204523563385014, 2.9361143112182613], "rotation": [[-0.8763065338134765, -0.3508902788162231, 0.3300948739051819], [-0.48175364732742315, 0.638266921043396, -0.6004402637481691], [1.4901159381665059e-08, -0.6851942539215089, -0.7283602356910706]], "fy": 1250.0000504168488, "fx": 1250.0000504168488}, {"id": 9, "img_name": "r_9", "width": 800, "height": 800, "position": [-1.4840440750122066, 2.3384790420532218, 2.929014921188354], "rotation": [[-0.844327986240387, -0.38933128118515004, 0.3681460022926331], [-0.5358268618583679, 0.6134878993034362, -0.580105185508728], [-0.0, -0.6870615482330323, -0.7265990972518921]], "fy": 1250.0000504168488, "fx": 1250.0000504168488}, {"id": 10, "img_name": "r_10", "width": 800, "height": 800, "position": [-1.6329382658004763, 2.2475464344024667, 2.9209671020507812], "rotation": [[-0.8090169429779052, -0.4259108901023865, 0.4050821363925934], [-0.5877853631973268, 0.5862159132957458, -0.5575476288795471], [1.490116124599323e-08, -0.6891667246818542, -0.72460275888443]], "fy": 1250.0000504168488, "fx": 1250.0000504168488}, {"id": 11, "img_name": "r_11", "width": 800, "height": 800, "position": [-1.776850819587708, 2.1478433609008794, 2.9119701385498056], "rotation": [[-0.770513415336609, -0.46045646071434027, 0.4407824277877808], [-0.637424111366272, 0.5565961599349976, -0.5328143835067748], [1.49011646276782e-08, -0.691505789756775, -0.7223708629608155]], "fy": 1250.0000504168488, "fx": 1250.0000504168488}, {"id": 12, "img_name": "r_12", "width": 800, "height": 800, "position": [-1.9152961969375606, 2.0395827293395987, 2.9020237922668457], "rotation": [[-0.7289685606956481, -0.492807924747467, 0.47512644529342657], [-0.6845472455024719, 0.5247870087623596, -0.5059581398963927], [-1.4901162912948354e-08, -0.6940741539001465, -0.7199034094810487]], "fy": 1250.0000504168488, "fx": 1250.0000504168488}, {"id": 13, "img_name": "r_13", "width": 800, "height": 800, "position": [-2.0477898120880123, 1.9230021238327022, 2.891127824783325], "rotation": [[-0.6845470070838927, -0.522816777229309, 0.5079940557479858], [-0.7289686799049379, 0.4909575283527374, -0.47703805565834045], [-0.0, -0.696866810321808, -0.7172004580497744]], "fy": 1250.0000504168488, "fx": 1250.0000504168488}, {"id": 14, "img_name": "r_14", "width": 800, "height": 800, "position": [-2.1738493442535405, 1.7983639240264897, 2.8792822360992436], "rotation": [[-0.6374239325523375, -0.550348401069641, 0.5392656326293945], [-0.7705134153366089, 0.45528763532638544, -0.44611918926239025], [-0.0, -0.6998783946037294, -0.7142620086669922]], "fy": 1250.0000504168488, "fx": 1250.0000504168488}, {"id": 15, "img_name": "r_15", "width": 800, "height": 800, "position": [-2.2929964065551753, 1.6659585237503054, 2.8664875030517587], "rotation": [[-0.5877850055694581, -0.5752823352813721, 0.5688223242759703], [-0.8090171217918397, 0.41796684265136724, -0.41327339410781866], [-0.0, -0.7031029462814331, -0.7110879421234132]], "fy": 1250.0000504168488, "fx": 1250.0000504168488}, {"id": 16, "img_name": "r_16", "width": 800, "height": 800, "position": [-2.4047570228576656, 1.5261046886444092, 2.8527438640594487], "rotation": [[-0.5358266234397889, -0.5975127816200256, 0.5965466499328613], [-0.8443279266357422, 0.37919303774833685, -0.37857991456985474], [-2.980232248908838e-08, -0.7065343856811522, -0.7076784968376159]], "fy": 1250.0000504168488, "fx": 1250.0000504168488}, {"id": 17, "img_name": "r_17", "width": 800, "height": 800, "position": [-2.508665323257446, 1.379149794578552, 2.838052749633789], "rotation": [[-0.4817533791065216, -0.6169499158859252, 0.6223232150077819], [-0.8763065934181214, 0.339170902967453, -0.34212490916252136], [1.4901158540855104e-08, -0.7101659774780275, -0.7040341496467591]], "fy": 1250.0000504168488, "fx": 1250.0000504168488}, {"id": 18, "img_name": "r_18", "width": 800, "height": 800, "position": [-2.604263305664063, 1.2254726886749268, 2.822415590286255], "rotation": [[-0.4257789552211761, -0.6335193514823914, 0.6460381746292113], [-0.9048269391059875, 0.298111379146576, -0.3040023148059845], [1.4901156752218227e-08, -0.7139906883239746, -0.7001550793647765]], "fy": 1250.0000504168488, "fx": 1250.0000504168488}, {"id": 19, "img_name": "r_19", "width": 800, "height": 800, "position": [-2.691104412078857, 1.0654827356338503, 2.8058338165283208], "rotation": [[-0.3681243360042572, -0.6471632122993471, 0.667580783367157], [-0.9297767877578736, 0.2562298178672791, -0.26431369781494135], [-7.411637392169695e-17, -0.7180013060569764, -0.6960416436195376]], "fy": 1250.0000504168488, "fx": 1250.0000504168488}, {"id": 20, "img_name": "r_20", "width": 800, "height": 800, "position": [-2.768754482269287, 0.8996220827102659, 2.7883110046386728], "rotation": [[-0.30901676416397095, -0.6578409075736998, 0.6868433952331543], [-0.9510566592216492, 0.21374528110027316, -0.22316874563693997], [3.812747432870713e-17, -0.7221899032592773, -0.6916947364807128]], "fy": 1250.0000504168488, "fx": 1250.0000504168488}, {"id": 21, "img_name": "r_21", "width": 800, "height": 800, "position": [-2.8367969989776616, 0.7283647656440734, 2.7698497772216792], "rotation": [[-0.24868960678577423, -0.6655282974243164, 0.703722655773163], [-0.9685831665992736, 0.1708784103393554, -0.18068504333496088], [-1.95322285479271e-17, -0.7265485525131226, -0.6871150732040405]], "fy": 1250.0000504168488, "fx": 1250.0000504168488}, {"id": 22, "img_name": "r_22", "width": 800, "height": 800, "position": [-2.8948326110839835, 0.5522178411483765, 2.7504544258117676], "rotation": [[-0.18738096952438354, -0.6702184677124022, 0.7181195020675659], [-0.9822871088981628, 0.1278507709503174, -0.1369883716106415], [7.450579265262519e-09, -0.731068730354309, -0.6823037266731262]], "fy": 1250.0000504168488, "fx": 1250.0000504168488}, {"id": 23, "img_name": "r_23", "width": 800, "height": 800, "position": [-2.9424843788146973, 0.3717211782932282, 2.730129718780518], "rotation": [[-0.12533289194107056, -0.6719214320182801, 0.7299404740333557], [-0.992114782333374, 0.08488318324089053, -0.09221266955137253], [-3.7252902933037775e-09, -0.7357420921325685, -0.677261769771576]], "fy": 1250.0000504168488, "fx": 1250.0000504168488}, {"id": 24, "img_name": "r_24", "width": 800, "height": 800, "position": [-2.979399681091308, 0.18744681775569916, 2.7088818550109868], "rotation": [[-0.06279014796018602, -0.6706648468971252, 0.7390980124473572], [-0.9980267882347109, 0.04219440743327141, -0.0464998297393322], [-1.8626451475209328e-09, -0.7405593395233154, -0.6719908118247987]], "fy": 1250.0000504168488, "fx": 1250.0000504168488}, {"id": 25, "img_name": "r_25", "width": 800, "height": 800, "position": [-3.0052540302276607, -1.206126285069331e-06, 2.686717033386231], "rotation": [[4.013391787793807e-07, -0.6664924621582031, 0.7455117106437683], [-0.9999999403953552, -2.674895540621946e-07, 2.99203065878828e-07], [-0.0, -0.7455117702484132, -0.6664924025535585]], "fy": 1250.0000504168488, "fx": 1250.0000504168488}, {"id": 26, "img_name": "r_26", "width": 800, "height": 800, "position": [-3.0197529792785645, -0.18998804688453674, 2.6636435985565186], "rotation": [[0.06279095262289047, -0.6594647169113159, 0.7491084337234495], [-0.9980267882347108, -0.04149028658866882, 0.04713023081421852], [-0.0, -0.7505896687507629, -0.6607685685157776]], "fy": 1250.0000504168488, "fx": 1250.0000504168488}, {"id": 27, "img_name": "r_27", "width": 800, "height": 800, "position": [-3.022636651992798, -0.38184922933578486, 2.639669895172119], "rotation": [[0.125333696603775, -0.6496580839157104, 0.7498238086700441], [-0.9921146631240845, -0.08207120746374129, 0.09472511708736418], [-0.0, -0.7557835578918456, -0.6548214554786681]], "fy": 1250.0000504168488, "fx": 1250.0000504168488}, {"id": 28, "img_name": "r_28", "width": 800, "height": 800, "position": [-3.013683080673218, -0.5748922824859619, 2.614806652069092], "rotation": [[0.18738177418708798, -0.6371641159057617, 0.7476027011871339], [-0.9822871685028075, -0.12154585868120193, 0.14261320233345035], [-1.0375070229924044e-17, -0.7610835433006287, -0.6486536264419556]], "fy": 1250.0000504168488, "fx": 1250.0000504168488}, {"id": 29, "img_name": "r_29", "width": 800, "height": 800, "position": [-2.992709159851074, -0.7683987617492676, 2.5890643596649174], "rotation": [[0.24869038164615637, -0.6220898032188416, 0.7423996925354005], [-0.9685830473899842, -0.1597258448600769, 0.190616250038147], [-7.450580606852525e-09, -0.766480267047882, -0.6422677636146547]], "fy": 1250.0000504168488, "fx": 1250.0000504168488}, {"id": 30, "img_name": "r_30", "width": 800, "height": 800, "position": [-2.9595763683319087, -0.9616263508796692, 2.5624563694000244], "rotation": [[0.3090174794197082, -0.6045553088188172, 0.7341805100440979], [-0.9510563015937805, -0.19643229246139524, 0.23855014145374293], [-0.0, -0.7719632387161255, -0.6356672048568726]], "fy": 1250.0000504168488, "fx": 1250.0000504168488}, {"id": 31, "img_name": "r_31", "width": 800, "height": 800, "position": [-2.9141917228698726, -1.1538120508193974, 2.5349960327148433], "rotation": [[0.36812508106231684, -0.5846945643424988, 0.722921907901764], [-0.9297763109207152, -0.23149736225605008, 0.28622549772262573], [1.4901161221681235e-08, -0.7775224447250366, -0.6288550496101378]], "fy": 1250.0000504168488, "fx": 1250.0000504168488}, {"id": 32, "img_name": "r_32", "width": 800, "height": 800, "position": [-2.856511116027833, -1.3441742658615112, 2.5066988468170166], "rotation": [[0.42577993869781494, -0.5626534223556517, 0.7086130976676942], [-0.9048269987106324, -0.26476502418518066, 0.33344855904579174], [-1.4901164787859277e-08, -0.7831478714942932, -0.6218354105949402]], "fy": 1250.0000504168488, "fx": 1250.0000504168488}, {"id": 33, "img_name": "r_33", "width": 800, "height": 800, "position": [-2.786542892456054, -1.5319170951843264, 2.477581262588501], "rotation": [[0.4817541539669037, -0.5385888218879701, 0.6912561655044553], [-0.8763064146041871, -0.29609209299087524, 0.3800217807292938], [-1.4901160340344095e-08, -0.7888295054435731, -0.6146122217178345]], "fy": 1250.0000504168488, "fx": 1250.0000504168488}, {"id": 34, "img_name": "r_34", "width": 800, "height": 800, "position": [-2.704347133636475, -1.7162333726882937, 2.4476618766784664], "rotation": [[0.5358273386955262, -0.5126674771308898, 0.6708658933639525], [-0.8443275690078735, -0.3253491222858429, 0.42574504017829906], [-1.4901161251390724e-08, -0.7945564985275269, -0.6071901321411133]], "fy": 1250.0000504168488, "fx": 1250.0000504168488}, {"id": 35, "img_name": "r_35", "width": 800, "height": 800, "position": [-2.6100413799285875, -1.8963086605072021, 2.4169602394104004], "rotation": [[0.5877858400344848, -0.485065370798111, 0.6474714875221254], [-0.8090167045593261, -0.3524211347103117, 0.47041621804237366], [1.490116300949331e-08, -0.8003192543983458, -0.5995739698410034]], "fy": 1250.0000504168488, "fx": 1250.0000504168488}, {"id": 36, "img_name": "r_36", "width": 800, "height": 800, "position": [-2.503799200057984, -2.071326017379761, 2.3854973316192627], "rotation": [[0.6374246478080751, -0.45596557855606085, 0.6211159825325011], [-0.7705128192901611, -0.37720814347267145, 0.5138326287269592], [8.949590640266837e-17, -0.8061074614524841, -0.5917689204216003]], "fy": 1250.0000504168488, "fx": 1250.0000504168488}, {"id": 37, "img_name": "r_37", "width": 800, "height": 800, "position": [-2.38585352897644, -2.240468740463257, 2.3532960414886475], "rotation": [[0.6845475435256959, -0.4255577623844146, 0.5918573737144468], [-0.7289681434631347, -0.3996258378028869, 0.5557917952537536], [-1.4901161315820285e-08, -0.8119112253189088, -0.583780825138092]], "fy": 1250.0000504168488, "fx": 1250.0000504168488}, {"id": 38, "img_name": "r_38", "width": 800, "height": 800, "position": [-2.256495714187622, -2.40292739868164, 2.3203806877136235], "rotation": [[0.7289691567420958, -0.3940356373786925, 0.5597675442695618], [-0.6845465302467347, -0.4196060001850128, 0.5960928201675415], [1.490116303490382e-08, -0.817720293998718, -0.5756154656410216]], "fy": 1250.0000504168488, "fx": 1250.0000504168488}, {"id": 39, "img_name": "r_39", "width": 800, "height": 800, "position": [-2.1160778999328618, -2.5579028129577632, 2.2867767810821538], "rotation": [[0.7705137133598329, -0.3615972101688385, 0.5249342918395996], [-0.6374233961105347, -0.4370966553688051, 0.6345375776290892], [1.371445040795402e-16, -0.8235252499580383, -0.5672795176506044]], "fy": 1250.0000504168488, "fx": 1250.0000504168488}, {"id": 40, "img_name": "r_40", "width": 800, "height": 800, "position": [-1.9650115966796875, -2.704610824584961, 2.252511978149413], "rotation": [[0.809017300605774, -0.32844197750091547, 0.48745930194854736], [-0.5877845883369446, -0.45206233859062184, 0.6709312796592711], [-4.603630354899778e-17, -0.8293163180351257, -0.5587793588638305]], "fy": 1250.0000504168488, "fx": 1250.0000504168488}, {"id": 41, "img_name": "r_41", "width": 800, "height": 800, "position": [-1.8037680387496953, -2.8422887325286865, 2.2176146507263192], "rotation": [[0.8443283438682556, -0.29477003216743475, 0.44745972752571106], [-0.5358261466026307, -0.464484065771103, 0.7050849795341491], [-0.0, -0.8350839018821719, -0.5501224398612977]], "fy": 1250.0000504168488, "fx": 1250.0000504168488}, {"id": 42, "img_name": "r_42", "width": 800, "height": 800, "position": [-1.6328773498535152, -2.9701988697051993, 2.1821160316467285], "rotation": [[0.8763073086738588, -0.2607807517051697, 0.4050669372081756], [-0.48175305128097534, -0.474359393119812, 0.7368155717849731], [4.667483073360706e-17, -0.8408190011978149, -0.5413162708282472]], "fy": 1250.0000504168488, "fx": 1250.0000504168488}, {"id": 43, "img_name": "r_43", "width": 800, "height": 800, "position": [-1.4529269933700562, -3.0876340866088867, 2.1460473537445073], "rotation": [[0.9048276543617249, -0.22667115926742554, 0.36042678356170654], [-0.42577856779098516, -0.4817018806934357, 0.7659476399421693], [1.490116470928809e-08, -0.8465123772621155, -0.532368779182434]], "fy": 1250.0000504168488, "fx": 1250.0000504168488}, {"id": 44, "img_name": "r_44", "width": 800, "height": 800, "position": [-1.2645601034164426, -3.193922519683837, 2.1094422340393066], "rotation": [[0.9297770261764525, -0.19263479113578796, 0.31369870901107777], [-0.36812376976013184, -0.48654127120971674, 0.7923145294189452], [1.490116469242819e-08, -0.8521557450294496, -0.5232881307601929]], "fy": 1250.0000504168488, "fx": 1250.0000504168488}, {"id": 45, "img_name": "r_45", "width": 800, "height": 800, "position": [-1.0684733390808103, -3.2884328365325923, 2.072335720062256], "rotation": [[0.951056718826294, -0.15885999798774714, 0.26505559682846064], [-0.3090161085128785, -0.48892232775688166, 0.8157597780227661], [4.761415387616513e-17, -0.8577403426170349, -0.514083206653595]], "fy": 1250.0000504168488, "fx": 1250.0000504168488}, {"id": 46, "img_name": "r_46", "width": 800, "height": 800, "position": [-0.8654139637947079, -3.3705780506134024, 2.0347635746002197], "rotation": [[0.968583285808563, -0.12552894651889798, 0.2146827727556228], [-0.24868893623352045, -0.4889048933982849, 0.8361374735832213], [-4.7920465474438427e-17, -0.8632583618164065, -0.5047627091407776]], "fy": 1250.0000504168488, "fx": 1250.0000504168488}, {"id": 47, "img_name": "r_47", "width": 800, "height": 800, "position": [-0.6561774611473085, -3.4398207664489755, 1.9967634677886967], "rotation": [[0.9822871685028075, -0.09281624108552933, 0.16277757287025452], [-0.18738031387329102, -0.48656231164932245, 0.8533144593238832], [2.4111304041212217e-17, -0.8687012791633606, -0.49533602595329285]], "fy": 1250.0000504168488, "fx": 1250.0000504168488}, {"id": 48, "img_name": "r_48", "width": 800, "height": 800, "position": [-0.44160315394401534, -3.4956769943237305, 1.9583741426467896], "rotation": [[0.9921147823333739, -0.06088800355792044, 0.10954824835062024], [-0.12533222138881683, -0.4819820523262024, 0.8671706914901733], [-1.2130058571066478e-17, -0.8740628361701965, -0.4858127832412719]], "fy": 1250.0000504168488, "fx": 1250.0000504168488}, {"id": 49, "img_name": "r_49", "width": 800, "height": 800, "position": [-0.22257083654403684, -3.5377197265624987, 1.9196357727050783], "rotation": [[0.9980268478393554, -0.02990054897964001, 0.05521302297711371], [-0.06278950721025466, -0.47526335716247564, 0.8776001930236815], [-3.050807328422924e-18, -0.8793353438377381, -0.47620299458503723]], "fy": 1250.0000504168488, "fx": 1250.0000504168488}, {"id": 50, "img_name": "r_50", "width": 800, "height": 800, "position": [3.712118086696137e-06, -3.5655829906463627, 1.880589723587036], "rotation": [[0.9999999403953553, 4.856893269788999e-07, -9.208630444845767e-07], [1.0410969935037429e-06, -0.4665168225765228, 0.8845121264457703], [2.842170937571931e-14, -0.884512186050415, -0.4665168225765228]], "fy": 1250.0000504168488, "fx": 1250.0000504168488}, {"id": 51, "img_name": "r_51", "width": 800, "height": 800, "position": [0.22517324984073633, -3.5789654254913335, 1.8412775993347166], "rotation": [[0.9980266690254211, 0.028680980205535878, -0.05585860833525657], [0.06279158592224122, -0.4558633863925934, 0.8878320455551149], [3.086376715148163e-18, -0.8895875215530396, -0.4567647576332092]], "fy": 1250.0000504168488, "fx": 1250.0000504168488}, {"id": 52, "img_name": "r_52", "width": 800, "height": 800, "position": [0.45196399092674233, -3.577631950378417, 1.8017430305480961], "rotation": [[0.9921145439147948, 0.056019105017185204, -0.11211845278739928], [0.12533430755138394, -0.4434329867362976, 0.8875011205673217], [-3.725290064640042e-09, -0.8945552110671998, -0.44695737957954407]], "fy": 1250.0000504168488, "fx": 1250.0000504168488}, {"id": 53, "img_name": "r_53", "width": 800, "height": 800, "position": [0.679380774497986, -3.5614171028137216, 1.762030005455017], "rotation": [[0.9822869896888733, 0.08190594613552094, -0.16853360831737518], [0.18738240003585815, -0.4293634295463562, 0.8834787011146545], [-0.0, -0.8994099497795105, -0.4371057748794555]], "fy": 1250.0000504168488, "fx": 1250.0000504168488}, {"id": 54, "img_name": "r_54", "width": 800, "height": 800, "position": [0.9064124822616577, -3.5302267074584965, 1.7221834659576414], "rotation": [[0.968582808971405, 0.10624604672193522, -0.22485321760177607], [0.24869097769260406, -0.4137990176677703, 0.8757412433624269], [7.450580156331821e-09, -0.9041470289230346, -0.42722102999687184]], "fy": 1250.0000504168488, "fx": 1250.0000504168488}, {"id": 55, "img_name": "r_55", "width": 800, "height": 800, "position": [1.1320374011993408, -3.484039306640625, 1.6822491884231565], "rotation": [[0.9510563611984252, 0.12895777821540833, -0.2808238863945008], [0.3090181350708008, -0.3968896567821502, 0.8642836213111879], [-2.5223213455495794e-17, -0.9087620377540587, -0.4173145890235901]], "fy": 1250.0000504168488, "fx": 1250.0000504168488}, {"id": 56, "img_name": "r_56", "width": 800, "height": 800, "position": [1.3552293777465818, -3.4229068756103516, 1.642273187637329], "rotation": [[0.9297760725021362, 0.14997358620166779, -0.33619099855422974], [0.36812567710876465, -0.3787887394428254, 0.8491185307502749], [2.5347798436274856e-17, -0.9132506847381591, -0.40739777684211725]], "fy": 1250.0000504168488, "fx": 1250.0000504168488}, {"id": 57, "img_name": "r_57", "width": 800, "height": 800, "position": [1.5749630928039553, -3.3469564914703374, 1.6023026704788208], "rotation": [[0.9048265814781189, 0.1692401617765427, -0.39070019125938416], [0.4257804155349732, -0.3596525192260742, 0.8302775621414186], [-0.0, -0.9176096320152282, -0.397482305765152]], "fy": 1250.0000504168488, "fx": 1250.0000504168488}, {"id": 58, "img_name": "r_58", "width": 800, "height": 800, "position": [1.790220022201538, -3.256388664245605, 1.562384605407715], "rotation": [[0.8763061761856079, 0.18671846389770505, -0.4440989196300507], [0.4817547500133515, -0.3396386504173279, 0.807810604572296], [-0.0, -0.9218361377716063, -0.38757991790771484]], "fy": 1250.0000504168488, "fx": 1250.0000504168488}, {"id": 59, "img_name": "r_59", "width": 800, "height": 800, "position": [1.9999942779541018, -3.151477813720703, 1.5225665569305422], "rotation": [[0.8443272113800049, 0.2023834586143494, -0.4961374998092651], [0.5358278751373291, -0.3189043998718263, 0.7817853689193724], [-0.0, -0.9259271025657655, -0.3777022659778595]], "fy": 1250.0000504168488, "fx": 1250.0000504168488}, {"id": 60, "img_name": "r_60", "width": 800, "height": 800, "position": [2.2032985687255864, -3.032572031021119, 1.4828966856002808], "rotation": [[0.8090162873268127, 0.21622391045093545, -0.5465710163116455], [0.5877863168716432, -0.29760587215423584, 0.7522884011268617], [-0.0, -0.929880678653717, -0.3678613603115082]], "fy": 1250.0000504168488, "fx": 1250.0000504168488}, {"id": 61, "img_name": "r_61", "width": 800, "height": 800, "position": [2.3991692066192627, -2.9000895023345947, 1.443422675132751], "rotation": [[0.7705124616622925, 0.2282421588897705, -0.5951606035232544], [0.6374250650405884, -0.2758966386318207, 0.7194236516952517], [5.183048205552758e-17, -0.9336949586868287, -0.3580690920352935]], "fy": 1250.0000504168488, "fx": 1250.0000504168488}, {"id": 62, "img_name": "r_62", "width": 800, "height": 800, "position": [2.5866718292236324, -2.7545182704925537, 1.4041924476623535], "rotation": [[0.7289677858352663, 0.23845365643501282, -0.6416743397712708], [0.6845481395721436, -0.2539266645908355, 0.6833118796348572], [-0.0, -0.9373692870140077, -0.3483372926712036]], "fy": 1250.0000504168488, "fx": 1250.0000504168488}, {"id": 63, "img_name": "r_63", "width": 800, "height": 800, "position": [2.764907598495483, -2.596414089202881, 1.365254282951355], "rotation": [[0.6845461130142211, 0.24688588082790383, -0.6858890652656556], [0.7289695143699645, -0.23184067010879514, 0.6440910100936889], [-1.4901159433777116e-08, -0.9409023523330688, -0.33867788314819336]], "fy": 1250.0000504168488, "fx": 1250.0000504168488}, {"id": 64, "img_name": "r_64", "width": 800, "height": 800, "position": [2.9330163002014165, -2.426396369934082, 1.326655626296997], "rotation": [[0.6374230384826659, 0.2535783052444458, -0.7275917530059817], [0.7705140113830566, -0.2097777128219604, 0.6019147634506226], [-1.4901161192900827e-08, -0.9442941546440123, -0.32910272479057306]], "fy": 1250.0000504168488, "fx": 1250.0000504168488}, {"id": 65, "img_name": "r_65", "width": 800, "height": 800, "position": [3.090183973312379, -2.2451446056365962, 1.2884440422058105], "rotation": [[0.5877842903137207, 0.2585811913013459, -0.7665801644325255], [0.809017539024353, -0.18786977231502533, 0.5569517612457275], [2.127687548900836e-17, -0.9475446343421936, -0.31962358951568604]], "fy": 1250.0000504168488, "fx": 1250.0000504168488}, {"id": 66, "img_name": "r_66", "width": 800, "height": 800, "position": [3.2356443405151367, -2.0533967018127446, 1.250666618347168], "rotation": [[0.535825788974762, 0.2619548439979554, -0.8026644587516784], [0.8443286418914795, -0.16624113917350766, 0.5093849301338196], [2.227842015196215e-17, -0.9506543278694153, -0.3102521300315857]], "fy": 1250.0000504168488, "fx": 1250.0000504168488}, {"id": 67, "img_name": "r_67", "width": 800, "height": 800, "position": [3.368684291839599, -1.8519444465637214, 1.2133702039718626], "rotation": [[0.4817526042461395, 0.26376855373382574, -0.8356676101684571], [0.8763073682785036, -0.1450075507164002, 0.45941081643104564], [1.4901163018373036e-08, -0.9536240100860597, -0.30100005865097046]], "fy": 1250.0000504168488, "fx": 1250.0000504168488}, {"id": 68, "img_name": "r_68", "width": 800, "height": 800, "position": [3.488648414611817, -1.6416280269622803, 1.1766008138656616], "rotation": [[0.4257781505584715, 0.2640999257564544, -0.865427017211914], [0.9048274755477903, -0.12427559494972225, 0.4072377383708954], [7.450580605949858e-09, -0.9564552307128906, -0.29187870025634766]], "fy": 1250.0000504168488, "fx": 1250.0000504168488}, {"id": 69, "img_name": "r_69", "width": 800, "height": 800, "position": [3.5949413776397705, -1.4233325719833374, 1.140403747558594], "rotation": [[0.3681233823299408, 0.26303327083587646, -0.8917953968048096], [0.9297770261764525, -0.10414184629917146, 0.3530854284763336], [-0.0, -0.9591495394706725, -0.282899409532547]], "fy": 1250.0000504168488, "fx": 1250.0000504168488}, {"id": 70, "img_name": "r_70", "width": 800, "height": 800, "position": [3.6870310306549072, -1.197983741760254, 1.104824185371399], "rotation": [[0.30901572108268743, 0.2606591284275055, -0.9146396517753602], [0.9510568976402283, -0.08469291776418686, 0.2971831262111664], [-0.0, -0.9617088437080383, -0.2740730941295624]], "fy": 1250.0000504168488, "fx": 1250.0000504168488}, {"id": 71, "img_name": "r_71", "width": 800, "height": 800, "position": [3.76445198059082, -0.9665415883064272, 1.0699057579040532], "rotation": [[0.24868857860565188, 0.25707265734672546, -0.9338455200195311], [0.9685834646224977, -0.06600467860698704, 0.23976944386959084], [-3.7252900708054326e-09, -0.9641353487968445, -0.26541092991828924]], "fy": 1250.0000504168488, "fx": 1250.0000504168488}, {"id": 72, "img_name": "r_72", "width": 800, "height": 800, "position": [3.8268063068389893, -0.7299969792366028, 1.035691976547241], "rotation": [[0.18737998604774475, 0.2523728013038635, -0.9493138194084169], [0.9822874665260315, -0.04814233630895614, 0.18108996748924253], [-3.725290084037724e-09, -0.9664317369461058, -0.25692355632781977]], "fy": 1250.0000504168488, "fx": 1250.0000504168488}, {"id": 73, "img_name": "r_73", "width": 800, "height": 800, "position": [3.873766660690308, -0.48936504125595087, 1.0022244453430178], "rotation": [[0.12533186376094818, 0.24666085839271548, -0.9609631896018981], [0.9921149611473082, -0.031160162761807435, 0.1213965192437172], [3.334010971080849e-18, -0.9686006903648376, -0.24862127006053927]], "fy": 1250.0000504168488, "fx": 1250.0000504168488}, {"id": 74, "img_name": "r_74", "width": 800, "height": 800, "position": [3.9050767421722408, -0.24568103253841397, 0.9695447683334352], "rotation": [[0.06278909742832184, 0.24003984034061432, -0.9687302112579346], [0.9980267882347108, -0.01510168518871069, 0.06094595789909362], [-9.313225751051266e-10, -0.9706454277038574, -0.2405144423246384]], "fy": 1250.0000504168488, "fx": 1250.0000504168488}, {"id": 75, "img_name": "r_75", "width": 800, "height": 800, "position": [3.920552492141723, 5.65514710615389e-06, 0.9376928806304932], "rotation": [[-1.4424363143916707e-06, 0.23261293768882751, -0.9725691080093383], [1.0, 3.355293358708878e-07, -1.402868974764715e-06], [-2.8421712799630436e-14, -0.9725691676139832, -0.2326129078865051]], "fy": 1250.0000504168488, "fx": 1250.0000504168488}, {"id": 76, "img_name": "r_76", "width": 800, "height": 800, "position": [3.9200830459594727, 0.24663649499416354, 0.906707763671875], "rotation": [[-0.06279198080301285, 0.22448265552520752, -0.9724527001380919], [0.9980266690254211, 0.01412358321249485, -0.06118297204375267], [9.313225760159466e-10, -0.9743756651878356, -0.22492647171020508]], "fy": 1250.0000504168488, "fx": 1250.0000504168488}, {"id": 77, "img_name": "r_77", "width": 800, "height": 800, "position": [3.9036302566528316, 0.4931491017341614, 0.8766271471977233], "rotation": [[-0.1253347098827362, 0.2157496064901352, -0.9683713316917419], [0.9921144843101501, 0.027255842462182052, -0.12233521789312365], [1.862645150097513e-09, -0.976068139076233, -0.21746440231800082]], "fy": 1250.0000504168488, "fx": 1250.0000504168488}, {"id": 78, "img_name": "r_78", "width": 800, "height": 800, "position": [3.8712282180786137, 0.7384824156761169, 0.8474875688552856], "rotation": [[-0.18738281726837158, 0.20651188492774963, -0.9603334665298463], [0.9822869896888733, 0.039394576102495193, -0.18319492042064667], [-0.0, -0.9776507616043091, -0.2102357745170593]], "fy": 1250.0000504168488, "fx": 1250.0000504168488}, {"id": 79, "img_name": "r_79", "width": 800, "height": 800, "position": [3.822983741760254, 0.9815817475318908, 0.8193241357803345], "rotation": [[-0.24869138002395633, 0.19686378538608554, -0.9483654499053955], [0.9685826897621155, 0.05054635927081108, -0.24350044131278992], [3.725290307680875e-09, -0.9791269898414613, -0.2032492905855179]], "fy": 1250.0000504168488, "fx": 1250.0000504168488}, {"id": 80, "img_name": "r_80", "width": 800, "height": 800, "position": [3.759073972702027, 1.22140371799469, 0.7921710014343263], "rotation": [[-0.30901849269866943, 0.1868952959775925, -0.9325113296508789], [0.9510559439659118, 0.06072628870606423, -0.30299293994903564], [-0.0, -0.9805011153221131, -0.1965133994817734]], "fy": 1250.0000504168488, "fx": 1250.0000504168488}, {"id": 81, "img_name": "r_81", "width": 800, "height": 800, "position": [3.6797461509704585, 1.4569213390350346, 0.7660605311393737], "rotation": [[-0.36812606453895574, 0.17669108510017392, -0.9128325581550597], [0.9297759532928467, 0.06995727121829988, -0.36141768097877514], [-0.0, -0.981777012348175, -0.19003619253635404]], "fy": 1250.0000504168488, "fx": 1250.0000504168488}, {"id": 82, "img_name": "r_82", "width": 800, "height": 800, "position": [3.5853147506713863, 1.687128186225891, 0.7410240173339843], "rotation": [[-0.4257807731628418, 0.16633008420467374, -0.8894070386886597], [0.9048263430595398, 0.0782693326473236, -0.4185249507427215], [7.450580604813682e-09, -0.9829587340354918, -0.18382541835308072]], "fy": 1250.0000504168488, "fx": 1250.0000504168488}, {"id": 83, "img_name": "r_83", "width": 800, "height": 800, "position": [3.4761607646942134, 1.9110430479049683, 0.7170910835266113], "rotation": [[-0.48175510764122015, 0.15588465332984924, -0.8623293042182922], [0.876305878162384, 0.08569864183664322, -0.4740714132785797], [-7.450580150493345e-09, -0.9840505123138427, -0.17788840830326078]], "fy": 1250.0000504168488, "fx": 1250.0000504168488}, {"id": 84, "img_name": "r_84", "width": 800, "height": 800, "position": [3.3527290821075444, 2.12771463394165, 0.6942901611328125], "rotation": [[-0.5358282327651978, 0.14542031288146973, -0.8317095637321472], [0.8443269729614259, 0.09228687733411789, -0.5278209447860718], [-7.450580591110241e-09, -0.9850564002990722, -0.1722321808338165]], "fy": 1250.0000504168488, "fx": 1250.0000504168488}, {"id": 85, "img_name": "r_85", "width": 800, "height": 800, "position": [3.2155249118804927, 2.3362240791320805, 0.6726480722427366], "rotation": [[-0.5877866744995117, 0.13499519228935242, -0.7976735234260559], [0.8090160489082338, 0.0980801060795784, -0.5795458555221558], [1.1069944611881926e-17, -0.9859799146652222, -0.16686345636844632]], "fy": 1250.0000504168488, "fx": 1250.0000504168488}, {"id": 86, "img_name": "r_86", "width": 800, "height": 800, "position": [3.065113306045533, 2.5356910228729244, 0.652190089225769], "rotation": [[-0.6374254226684569, 0.12465994060039524, -0.7603609561920167], [0.7705123424530029, 0.1031280308961868, -0.6290274858474731], [-7.450582373899784e-09, -0.9868253469467162, -0.1617884337902069]], "fy": 1250.0000504168488, "fx": 1250.0000504168488}, {"id": 87, "img_name": "r_87", "width": 800, "height": 800, "position": [2.9021131992340097, 2.7252752780914307, 0.6329401135444642], "rotation": [[-0.6845484375953673, 0.11445745080709452, -0.7199255824089051], [0.7289674282073975, 0.10748308151960374, -0.6760575175285339], [-9.990975351111746e-18, -0.9875964522361755, -0.15701310336589813]], "fy": 1250.0000504168488, "fx": 1250.0000504168488}, {"id": 88, "img_name": "r_88", "width": 800, "height": 800, "position": [2.7271976470947266, 2.904180765151978, 0.6149204969406128], "rotation": [[-0.7289697527885437, 0.1044226810336113, -0.676534414291382], [0.6845457553863525, 0.11119923740625383, -0.7204384803771974], [-7.450580169906875e-09, -0.9882968068122864, -0.15254297852516174]], "fy": 1250.0000504168488, "fx": 1250.0000504168488}, {"id": 89, "img_name": "r_89", "width": 800, "height": 800, "position": [2.5410878658294678, 3.071658611297608, 0.5981520414352417], "rotation": [[-0.7705144286155701, 0.09458284825086594, -0.630366325378418], [0.6374226808547974, 0.11433143168687822, -0.7619847059249879], [7.450581473527382e-09, -0.9889299273490905, -0.1483832597732544]], "fy": 1250.0000504168488, "fx": 1250.0000504168488}, {"id": 90, "img_name": "r_90", "width": 800, "height": 800, "position": [2.344551086425781, 3.227010011672974, 0.5826539993286132], "rotation": [[-0.8090180158615112, 0.08495748043060301, -0.5816116333007812], [0.5877837538719178, 0.1169343814253807, -0.8005227446556091], [-7.450580168609372e-09, -0.9894990324974061, -0.14453868567943573]], "fy": 1250.0000504168488, "fx": 1250.0000504168488}, {"id": 91, "img_name": "r_91", "width": 800, "height": 800, "position": [2.1383974552154545, 3.3695886135101327, 0.5684441328048706], "rotation": [[-0.8443289399147035, 0.0755586698651314, -0.5304710268974304], [0.535825252532959, 0.11906187981367113, -0.8358919024467468], [-0.0, -0.9900075793266295, -0.14101362228393555]], "fy": 1250.0000504168488, "fx": 1250.0000504168488}, {"id": 92, "img_name": "r_92", "width": 800, "height": 800, "position": [1.9234746694564822, 3.498802900314332, 0.555538773536682], "rotation": [[-0.8763076066970825, 0.06639131158590315, -0.47715523838996887], [0.48175206780433655, 0.12076587229967116, -0.8679459691047668], [-3.725290736278212e-09, -0.9904582500457763, -0.13781218230724332]], "fy": 1250.0000504168488, "fx": 1250.0000504168488}, {"id": 93, "img_name": "r_93", "width": 800, "height": 800, "position": [1.700666427612305, 3.6141180992126456, 0.543952465057373], "rotation": [[-0.9048278331756591, 0.05745357275009155, -0.4218833148479462], [0.4257775545120239, 0.12209565937519073, -0.8965521454811095], [-0.0, -0.9908539652824402, -0.13493797183036804]], "fy": 1250.0000504168488, "fx": 1250.0000504168488}, {"id": 94, "img_name": "r_94", "width": 800, "height": 800, "position": [1.4708871841430669, 3.715058088302612, 0.5336983799934387], "rotation": [[-0.9297772049903871, 0.0487373322248459, -0.3648821711540223], [0.36812272667884827, 0.12309715896844865, -0.9215924143791198], [6.877810337982944e-18, -0.9911969304084778, -0.1323942542076111]], "fy": 1250.0000504168488, "fx": 1250.0000504168488}, {"id": 95, "img_name": "r_95", "width": 800, "height": 800, "position": [1.2350789308547971, 3.801207304000854, 0.5247880816459656], "rotation": [[-0.951057195663452, 0.04022879526019095, -0.30638533830642695], [0.30901512503623957, 0.1238123178482056, -0.9429633617401125], [-0.0, -0.9914897084236145, -0.1301838904619217]], "fy": 1250.0000504168488, "fx": 1250.0000504168488}, {"id": 96, "img_name": "r_96", "width": 800, "height": 800, "position": [0.9942068457603456, 3.872211694717407, 0.5172316431999205], "rotation": [[-0.9685837030410768, 0.031908996403217316, -0.24663232266902926], [0.24868799746036532, 0.12427835911512373, -0.9605773091316223], [3.725290731011421e-09, -0.9917340278625487, -0.12830935418605804]], "fy": 1250.0000504168488, "fx": 1250.0000504168488}, {"id": 97, "img_name": "r_97", "width": 800, "height": 800, "position": [0.7492559552192686, 3.9277801513671866, 0.5110374689102172], "rotation": [[-0.9822876453399658, 0.023754600435495373, -0.185867503285408], [0.1873793303966522, 0.12452734261751171, -0.9743622541427611], [-1.0324364239303539e-17, -0.9919317960739135, -0.1267727762460708]], "fy": 1250.0000504168488, "fx": 1250.0000504168488}, {"id": 98, "img_name": "r_98", "width": 800, "height": 800, "position": [0.5012269616127014, 3.9676845073699956, 0.5062126517295837], "rotation": [[-0.9921149015426635, 0.015738580375909802, -0.12433910369873045], [0.12533120810985562, 0.12458572536706923, -0.9842613935470581], [-0.0, -0.9920840263366699, -0.12557590007781982]], "fy": 1250.0000504168488, "fx": 1250.0000504168488}, {"id": 99, "img_name": "r_99", "width": 800, "height": 800, "position": [0.2511321008205414, 3.9917616844177246, 0.5027624368667603], "rotation": [[-0.9980268478393554, 0.007830975577235218, -0.06229821220040319], [0.0627884566783905, 0.12447389960288999, -0.990234315395355], [4.656612588274672e-10, -0.9921918511390686, -0.12472002208232878]], "fy": 1250.0000504168488, "fx": 1250.0000504168488}, {"id": 100, "img_name": "r_100", "width": 800, "height": 800, "position": [-8.328596777573694e-06, 3.9999136924743657, 0.5006908178329469], "rotation": [[-1.0, -2.5862118491204466e-07, 2.0660704649344557e-06], [-2.0821942143811616e-06, 0.1242061033844948, -0.9922564625740051], [-2.8421709441938435e-14, -0.9922564029693602, -0.1242061033844948]], "fy": 1250.0000504168488, "fx": 1250.0000504168488}, {"id": 101, "img_name": "r_101", "width": 800, "height": 800, "position": [-0.25117048621177673, 3.9921064376831055, 0.5], "rotation": [[-0.9980265498161316, -0.007788464892655609, 0.06230772286653517], [-0.06279261410236359, 0.12378995120525357, -0.9903196692466736], [8.60663746375832e-19, -0.9922777414321899, -0.12403472512960433]], "fy": 1250.