[{"id": 0, "img_name": "r_0", "width": 800, "height": 800, "position": [-0.0, 2.737260103225708, 2.9592916965484615], "rotation": [[-1.0000001192092896, -0.0, -0.0], [0.0, 0.7341100573539734, -0.67903071641922], [-0.0, -0.67903071641922, -0.7341099977493285]], "fy": 1250.0000504168488, "fx": 1250.0000504168488}, {"id": 1, "img_name": "r_1", "width": 800, "height": 800, "position": [-0.17187398672103885, 2.7318587303161626, 2.9592916965484624], "rotation": [[-0.9980268478393555, -0.04609515145421029, 0.042636688798666], [-0.06279052793979646, 0.7326614856719971, -0.6776907444000244], [-3.725290287513331e-09, -0.67903071641922, -0.734109938144684]], "fy": 1250.0000504168488, "fx": 1250.0000504168488}, {"id": 2, "img_name": "r_2", "width": 800, "height": 800, "position": [-0.34313371777534485, 2.716182947158813, 2.9588191509246817], "rotation": [[-0.9921148419380189, -0.09199368953704834, 0.0851209983229637], [-0.12533324956893918, 0.7282050251960754, -0.6738020777702329], [-1.0186194884914825e-17, -0.6791574954986572, -0.7339926958084105]], "fy": 1250.0000504168488, "fx": 1250.0000504168488}, {"id": 3, "img_name": "r_3", "width": 800, "height": 800, "position": [-0.5132942199707031, 2.6907823085784908, 2.9574005603790297], "rotation": [[-0.9822872281074525, -0.13747063279151917, 0.12733264267444613], [-0.18738132715225217, 0.7206461429595946, -0.6675010323524475], [1.490115848198549e-08, -0.679537534713745, -0.7336408495903015]], "fy": 1250.0000504168488, "fx": 1250.0000504168488}, {"id": 4, "img_name": "r_4", "width": 800, "height": 800, "position": [-0.6818711757659911, 2.6557128429412833, 2.955036401748657], "rotation": [[-0.968583345413208, -0.18230324983596802, 0.16915145516395572], [-0.2486899644136429, 0.7100241780281067, -0.6588013768196107], [7.45058153223176e-09, -0.6801701188087463, -0.7330544590950012]], "fy": 1250.0000504168488, "fx": 1250.0000504168488}, {"id": 5, "img_name": "r_5", "width": 800, "height": 800, "position": [-0.8483804464340214, 2.611046314239502, 2.9517261981964116], "rotation": [[-0.951056718826294, -0.2262725532054902, 0.21045728027820593], [-0.3090170621871948, 0.696395218372345, -0.6477208733558654], [1.4901162966485796e-08, -0.6810541152954102, -0.7322331666946412]], "fy": 1250.0000504168488, "fx": 1250.0000504168488}, {"id": 6, "img_name": "r_6", "width": 800, "height": 800, "position": [-1.0123374462127686, 2.556872606277466, 2.9474692344665527], "rotation": [[-0.9297767877578736, -0.2691642343997956, 0.2511300146579742], [-0.3681246638298035, 0.6798312664031984, -0.6342819929122925], [-0.0, -0.6821876764297484, -0.7311770915985106]], "fy": 1250.0000504168488, "fx": 1250.0000504168488}, {"id": 7, "img_name": "r_7", "width": 800, "height": 800, "position": [-1.1732574701309204, 2.493299007415771, 2.942265510559082], "rotation": [[-0.904827356338501, -0.3107704222202301, 0.29104936122894287], [-0.42577943205833435, 0.660420775413513, -0.6185113787651063], [-0.0, -0.6835686564445497, -0.7298862338066101]], "fy": 1250.0000504168488, "fx": 1250.0000504168488}, {"id": 8, "img_name": "r_8", "width": 800, "height": 800, "position": [-1.3306550979614258, 2.4204523563385014, 2.9361143112182613], "rotation": [[-0.8763067722320554, -0.3508903086185454, 0.3300949037075043], [-0.48175376653671265, 0.6382669806480407, -0.6004403233528138], [1.49011629865818e-08, -0.6851943135261537, -0.7283602952957156]], "fy": 1250.0000504168488, "fx": 1250.0000504168488}, {"id": 9, "img_name": "r_9", "width": 800, "height": 800, "position": [-1.484044075012207, 2.338479042053223, 2.929014921188353], "rotation": [[-0.8443281650543212, -0.38933131098747253, 0.36814603209495533], [-0.5358269810676575, 0.6134878993034363, -0.5801052451133728], [1.2100306704230289e-16, -0.6870615482330323, -0.7265991568565366]], "fy": 1250.0000504168488, "fx": 1250.0000504168488}, {"id": 10, "img_name": "r_10", "width": 800, "height": 800, "position": [-1.6329382658004763, 2.247546434402466, 2.9209671020507812], "rotation": [[-0.8090170621871948, -0.4259108901023864, 0.40508219599723805], [-0.5877854228019715, 0.5862159132957457, -0.5575476884841918], [1.4901162873973893e-08, -0.6891667246818541, -0.7246028184890748]], "fy": 1250.0000504168488, "fx": 1250.0000504168488}, {"id": 11, "img_name": "r_11", "width": 800, "height": 800, "position": [-1.7768508195877069, 2.1478433609008776, 2.9119701385498047], "rotation": [[-0.7705134749412537, -0.4604564905166626, 0.4407824873924254], [-0.6374242305755615, 0.5565962195396422, -0.5328144431114195], [1.490116657900448e-08, -0.6915058493614196, -0.7223709225654602]], "fy": 1250.0000504168488, "fx": 1250.0000504168488}, {"id": 12, "img_name": "r_12", "width": 800, "height": 800, "position": [-1.9152961969375608, 2.0395827293396, 2.902023792266846], "rotation": [[-0.7289685606956481, -0.492807924747467, 0.4751265048980711], [-0.6845472455024719, 0.5247870087623597, -0.5059581995010376], [-1.490116294781503e-08, -0.6940741539001463, -0.7199034690856932]], "fy": 1250.0000504168488, "fx": 1250.0000504168488}, {"id": 13, "img_name": "r_13", "width": 800, "height": 800, "position": [-2.0477898120880127, 1.9230021238327026, 2.891127824783325], "rotation": [[-0.6845472455024718, -0.5228167772293089, 0.5079940557479857], [-0.7289689183235168, 0.4909575283527374, -0.47703808546066284], [-0.0, -0.6968668103218079, -0.7172004580497741]], "fy": 1250.0000504168488, "fx": 1250.0000504168488}, {"id": 14, "img_name": "r_14", "width": 800, "height": 800, "position": [-2.1738493442535405, 1.7983639240264897, 2.8792822360992427], "rotation": [[-0.637424111366272, -0.5503484010696412, 0.5392656326293945], [-0.7705135941505433, 0.45528763532638566, -0.44611918926239014], [-0.0, -0.6998783946037292, -0.7142620086669921]], "fy": 1250.0000504168488, "fx": 1250.0000504168488}, {"id": 15, "img_name": "r_15", "width": 800, "height": 800, "position": [-2.2929964065551753, 1.665958523750305, 2.8664875030517583], "rotation": [[-0.5877851247787474, -0.5752824544906616, 0.5688224434852598], [-0.8090173006057739, 0.4179669618606566, -0.41327351331710815], [-0.0, -0.7031030654907227, -0.7110880613327025]], "fy": 1250.0000504168488, "fx": 1250.0000504168488}, {"id": 16, "img_name": "r_16", "width": 800, "height": 800, "position": [-2.404757022857665, 1.5261046886444094, 2.852743864059448], "rotation": [[-0.5358267426490785, -0.5975127816200255, 0.5965467691421509], [-0.8443281650543214, 0.37919306755065924, -0.3785799741744995], [-2.980232949009497e-08, -0.7065343856811523, -0.7076786160469055]], "fy": 1250.0000504168488, "fx": 1250.0000504168488}, {"id": 17, "img_name": "r_17", "width": 800, "height": 800, "position": [-2.5086653232574463, 1.3791497945785522, 2.838052749633789], "rotation": [[-0.4817535877227783, -0.6169499754905701, 0.6223232746124268], [-0.8763070106506348, 0.33917093276977545, -0.34212493896484375], [1.4901164675413257e-08, -0.7101660370826721, -0.7040342092514039]], "fy": 1250.0000504168488, "fx": 1250.0000504168488}, {"id": 18, "img_name": "r_18", "width": 800, "height": 800, "position": [-2.6042633056640625, 1.2254726886749265, 2.8224155902862544], "rotation": [[-0.4257791042327881, -0.6335194110870361, 0.6460382342338562], [-0.9048272371292114, 0.2981114089488983, -0.3040023446083069], [1.4901161182790278e-08, -0.7139907479286194, -0.7001551389694215]], "fy": 1250.0000504168488, "fx": 1250.0000504168488}, {"id": 19, "img_name": "r_19", "width": 800, "height": 800, "position": [-2.691104412078857, 1.06548273563385, 2.8058338165283208], "rotation": [[-0.3681243360042572, -0.6471633315086365, 0.6675808429718016], [-0.9297767877578736, 0.2562298774719238, -0.26431372761726374], [-3.705819311359513e-17, -0.7180014252662659, -0.6960417032241822]], "fy": 1250.0000504168488, "fx": 1250.0000504168488}, {"id": 20, "img_name": "r_20", "width": 800, "height": 800, "position": [-2.7687544822692876, 0.8996220827102662, 2.788311004638671], "rotation": [[-0.30901679396629333, -0.6578409075737, 0.6868434548377992], [-0.9510567784309386, 0.21374528110027313, -0.2231687754392624], [-0.0, -0.7221899032592773, -0.6916947960853574]], "fy": 1250.0000504168488, "fx": 1250.0000504168488}, {"id": 21, "img_name": "r_21", "width": 800, "height": 800, "position": [-2.836796998977661, 0.7283647656440733, 2.7698497772216797], "rotation": [[-0.24868965148925778, -0.6655283570289613, 0.7037227153778075], [-0.9685833454132078, 0.1708784252405166, -0.18068505823612208], [-0.0, -0.7265486121177673, -0.6871151328086852]], "fy": 1250.0000504168488, "fx": 1250.0000504168488}, {"id": 22, "img_name": "r_22", "width": 800, "height": 800, "position": [-2.8948326110839844, 0.5522178411483765, 2.7504544258117676], "rotation": [[-0.18738101422786713, -0.6702184677124025, 0.7181195616722106], [-0.9822874069213866, 0.1278507709503174, -0.1369883865118027], [7.450581485884256e-09, -0.7310687303543091, -0.682303786277771]], "fy": 1250.0000504168488, "fx": 1250.0000504168488}, {"id": 23, "img_name": "r_23", "width": 800, "height": 800, "position": [-2.942484378814697, 0.3717211782932281, 2.7301297187805176], "rotation": [[-0.12533293664455414, -0.6719214320182803, 0.7299405336380005], [-0.9921150803565979, 0.0848831832408905, -0.09221267700195311], [-3.72529162507997e-09, -0.7357420921325685, -0.6772618293762208]], "fy": 1250.0000504168488, "fx": 1250.0000504168488}, {"id": 24, "img_name": "r_24", "width": 800, "height": 800, "position": [-2.979399681091308, 0.18744681775569916, 2.708881855010987], "rotation": [[-0.06279016286134721, -0.6706649065017701, 0.7390980720520018], [-0.9980269670486452, 0.042194411158561713, -0.0464998334646225], [-1.8626455901350045e-09, -0.7405593991279603, -0.6719908714294436]], "fy": 1250.0000504168488, "fx": 1250.0000504168488}, {"id": 25, "img_name": "r_25", "width": 800, "height": 800, "position": [-3.0052540302276616, -1.206126285069331e-06, 2.6867170333862305], "rotation": [[4.0133926404450893e-07, -0.666492462158203, 0.7455117702484133], [-1.0000001192092893, -2.674895540621946e-07, 2.9920309430053743e-07], [-0.0, -0.7455117702484132, -0.6664924621582031]], "fy": 1250.0000504168488, "fx": 1250.0000504168488}, {"id": 26, "img_name": "r_26", "width": 800, "height": 800, "position": [-3.019752979278565, -0.18998804688453683, 2.663643598556518], "rotation": [[0.06279096007347108, -0.6594647169113158, 0.7491084337234499], [-0.9980269074440004, -0.04149028658866882, 0.047130230814218535], [-5.197985693696925e-18, -0.7505896687507628, -0.6607685685157776]], "fy": 1250.0000504168488, "fx": 1250.0000504168488}, {"id": 27, "img_name": "r_27", "width": 800, "height": 800, "position": [-3.022636651992796, -0.3818492293357849, 2.63966989517212], "rotation": [[0.12533371150493622, -0.6496581435203553, 0.7498238682746885], [-0.992114782333374, -0.08207121491432191, 0.09472513198852538], [-0.0, -0.7557836771011355, -0.6548215150833131]], "fy": 1250.0000504168488, "fx": 1250.0000504168488}, {"id": 28, "img_name": "r_28", "width": 800, "height": 800, "position": [-3.0136830806732178, -0.5748922824859617, 2.614806652069092], "rotation": [[0.18738178908824912, -0.6371641159057616, 0.7476027607917787], [-0.982287287712097, -0.1215458586812019, 0.14261321723461148], [-1.0375071489031144e-17, -0.7610835433006286, -0.6486536860466002]], "fy": 1250.0000504168488, "fx": 1250.0000504168488}, {"id": 29, "img_name": "r_29", "width": 800, "height": 800, "position": [-2.9927091598510747, -0.7683987617492676, 2.589064359664917], "rotation": [[0.24869042634963992, -0.6220898032188416, 0.7423997521400449], [-0.9685832262039185, -0.1597258448600769, 0.19061626493930817], [-7.45058237384259e-09, -0.7664802670478822, -0.6422678232192993]], "fy": 1250.0000504168488, "fx": 1250.0000504168488}, {"id": 30, "img_name": "r_30", "width": 800, "height": 800, "position": [-2.95957636833191, -0.961626350879669, 2.562456369400025], "rotation": [[0.30901753902435297, -0.604555308818817, 0.7341805696487428], [-0.951056480407715, -0.19643229246139532, 0.2385501712560653], [-0.0, -0.7719632387161255, -0.6356672644615174]], "fy": 1250.0000504168488, "fx": 1250.0000504168488}, {"id": 31, "img_name": "r_31", "width": 800, "height": 800, "position": [-2.9141917228698735, -1.153812050819397, 2.5349960327148433], "rotation": [[0.3681251108646393, -0.5846945643424987, 0.7229220271110536], [-0.9297764301300049, -0.23149736225605008, 0.28622555732727045], [1.4901162971680947e-08, -0.7775224447250366, -0.6288551688194274]], "fy": 1250.0000504168488, "fx": 1250.0000504168488}, {"id": 32, "img_name": "r_32", "width": 800, "height": 800, "position": [-2.856511116027833, -1.3441742658615115, 2.5066988468170166], "rotation": [[0.4257799685001374, -0.5626533627510071, 0.7086131572723386], [-0.904827117919922, -0.2647649943828583, 0.333448588848114], [-1.4901166521673268e-08, -0.7831478118896484, -0.6218354701995851]], "fy": 1250.0000504168488, "fx": 1250.0000504168488}, {"id": 33, "img_name": "r_33", "width": 800, "height": 800, "position": [-2.7865428924560547, -1.5319170951843262, 2.4775812625885005], "rotation": [[0.4817542433738709, -0.5385888814926146, 0.6912562847137453], [-0.8763065934181214, -0.2960921227931977, 0.3800218999385833], [-1.4901162972034282e-08, -0.7888295650482178, -0.614612340927124]], "fy": 1250.0000504168488, "fx": 1250.0000504168488}, {"id": 34, "img_name": "r_34", "width": 800, "height": 800, "position": [-2.704347133636475, -1.7162333726882935, 2.4476618766784664], "rotation": [[0.5358275175094604, -0.5126675367355347, 0.6708659529685974], [-0.8443278670310974, -0.3253491520881652, 0.42574509978294384], [-1.4901166512295392e-08, -0.7945566177368164, -0.607190191745758]], "fy": 1250.0000504168488, "fx": 1250.0000504168488}, {"id": 35, "img_name": "r_35", "width": 800, "height": 800, "position": [-2.6100413799285893, -1.896308660507202, 2.4169602394104004], "rotation": [[0.5877859592437744, -0.48506537079811085, 0.6474714875221255], [-0.8090168833732604, -0.35242113471031183, 0.47041624784469593], [1.4901166482751124e-08, -0.8003192543983458, -0.5995739698410033]], "fy": 1250.0000504168488, "fx": 1250.0000504168488}, {"id": 36, "img_name": "r_36", "width": 800, "height": 800, "position": [-2.503799200057984, -2.0713260173797607, 2.3854973316192623], "rotation": [[0.6374248266220094, -0.455965578556061, 0.6211160421371459], [-0.7705129981040956, -0.3772081434726715, 0.513832688331604], [-0.0, -0.8061074614524841, -0.5917689800262451]], "fy": 1250.0000504168488, "fx": 1250.0000504168488}, {"id": 37, "img_name": "r_37", "width": 800, "height": 800, "position": [-2.38585352897644, -2.240468740463257, 2.353296041488648], "rotation": [[0.6845476627349854, -0.4255578219890595, 0.5918574333190918], [-0.7289682626724244, -0.3996258974075319, 0.5557918548583985], [-1.490116476565481e-08, -0.8119113445281984, -0.5837808847427369]], "fy": 1250.0000504168488, "fx": 1250.0000504168488}, {"id": 38, "img_name": "r_38", "width": 800, "height": 800, "position": [-2.2564957141876216, -2.40292739868164, 2.320380687713623], "rotation": [[0.7289691567420961, -0.39403572678565985, 0.5597676634788512], [-0.6845465302467347, -0.4196060895919798, 0.5960929393768308], [1.490116293434374e-08, -0.8177204728126526, -0.5756155848503112]], "fy": 1250.0000504168488, "fx": 1250.0000504168488}, {"id": 39, "img_name": "r_39", "width": 800, "height": 800, "position": [-2.116077899932861, -2.5579028129577632, 2.286776781082153], "rotation": [[0.7705138325691224, -0.3615972697734832, 0.5249343514442442], [-0.6374234557151794, -0.4370967447757722, 0.6345376372337344], [4.571484461934742e-17, -0.8235254287719727, -0.567279577255249]], "fy": 1250.0000504168488, "fx": 1250.0000504168488}, {"id": 40, "img_name": "r_40", "width": 800, "height": 800, "position": [-1.965011596679688, -2.7046108245849614, 2.2525119781494136], "rotation": [[0.809017539024353, -0.3284420073032379, 0.4874593615531922], [-0.5877847075462342, -0.4520623981952668, 0.6709313392639162], [-0.0, -0.8293164372444153, -0.5587794184684753]], "fy": 1250.0000504168488, "fx": 1250.0000504168488}, {"id": 41, "img_name": "r_41", "width": 800, "height": 800, "position": [-1.8037680387496948, -2.8422887325286856, 2.2176146507263184], "rotation": [[0.8443284630775452, -0.2947700917720795, 0.4474597871303559], [-0.5358262062072755, -0.46448415517807023, 0.7050850391387941], [4.635647869433745e-17, -0.835084080696106, -0.5501224994659424]], "fy": 1250.0000504168488, "fx": 1250.0000504168488}, {"id": 42, "img_name": "r_42", "width": 800, "height": 800, "position": [-1.6328773498535154, -2.9701988697052006, 2.182116031646728], "rotation": [[0.876307427883148, -0.2607807517051696, 0.4050669968128204], [-0.4817531108856201, -0.47435939311981207, 0.7368156313896179], [-0.0, -0.8408190011978149, -0.5413163304328918]], "fy": 1250.0000504168488, "fx": 1250.0000504168488}, {"id": 43, "img_name": "r_43", "width": 800, "height": 800, "position": [-1.4529269933700562, -3.0876340866088863, 2.1460473537445064], "rotation": [[0.9048277735710143, -0.22667115926742554, 0.3604268431663514], [-0.4257785975933075, -0.4817018806934356, 0.7659478783607483], [1.49011664949414e-08, -0.8465123772621155, -0.5323688983917235]], "fy": 1250.0000504168488, "fx": 1250.0000504168488}, {"id": 44, "img_name": "r_44", "width": 800, "height": 800, "position": [-1.2645601034164429, -3.193922519683838, 2.109442234039306], "rotation": [[0.9297771453857423, -0.19263479113578802, 0.3136987686157227], [-0.3681238293647766, -0.48654127120971674, 0.7923147678375244], [1.4901166513637823e-08, -0.8521557450294495, -0.5232882499694824]], "fy": 1250.0000504168488, "fx": 1250.0000504168488}, {"id": 45, "img_name": "r_45", "width": 800, "height": 800, "position": [-1.0684733390808108, -3.2884328365325937, 2.072335720062256], "rotation": [[0.9510569572448733, -0.1588600128889084, 0.26505562663078314], [-0.3090161681175232, -0.48892238736152643, 0.8157598972320557], [-0.0, -0.8577404618263244, -0.5140832662582397]], "fy": 1250.0000504168488, "fx": 1250.0000504168488}, {"id": 46, "img_name": "r_46", "width": 800, "height": 800, "position": [-0.8654139637947084, -3.3705780506134033, 2.0347635746002197], "rotation": [[0.9685835242271422, -0.125528946518898, 0.21468280255794528], [-0.24868899583816526, -0.48890489339828497, 0.836137592792511], [-0.0, -0.8632583618164064, -0.5047627687454224]], "fy": 1250.0000504168488, "fx": 1250.0000504168488}, {"id": 47, "img_name": "r_47", "width": 800, "height": 800, "position": [-0.6561774611473083, -3.439820766448974, 1.996763467788696], "rotation": [[0.9822875261306763, -0.09281624108552936, 0.16277760267257696], [-0.18738037347793582, -0.48656231164932257, 0.8533146381378174], [-0.0, -0.8687012791633606, -0.49533611536025995]], "fy": 1250.0000504168488, "fx": 1250.0000504168488}, {"id": 48, "img_name": "r_48", "width": 800, "height": 800, "position": [-0.44160315394401556, -3.4956769943237305, 1.9583741426467893], "rotation": [[0.9921149611473081, -0.06088800728321075, 0.10954827070236206], [-0.1253322511911392, -0.4819820821285248, 0.8671708703041077], [-1.2130059398247093e-17, -0.8740628957748414, -0.4858128726482391]], "fy": 1250.0000504168488, "fx": 1250.0000504168488}, {"id": 49, "img_name": "r_49", "width": 800, "height": 800, "position": [-0.22257083654403687, -3.5377197265624996, 1.919635772705078], "rotation": [[0.9980269670486449, -0.029900548979640007, 0.05521303415298462], [-0.06278951466083527, -0.47526335716247564, 0.8776003718376159], [-3.050807328422924e-18, -0.8793353438377381, -0.4762030839920044]], "fy": 1250.0000504168488, "fx": 1250.0000504168488}, {"id": 50, "img_name": "r_50", "width": 800, "height": 800, "position": [3.712118086696137e-06, -3.5655829906463627, 1.8805897235870361], "rotation": [[1.0000001192092896, 4.856893838223186e-07, -9.208631581714144e-07], [1.0410972208774185e-06, -0.4665168523788452, 0.8845122456550597], [2.842171616084534e-14, -0.8845122456550597, -0.4665168821811676]], "fy": 1250.0000504168488, "fx": 1250.0000504168488}, {"id": 51, "img_name": "r_51", "width": 800, "height": 800, "position": [0.22517324984073642, -3.5789654254913326, 1.8412775993347164], "rotation": [[0.9980267882347109, 0.028680980205535892, -0.05585861578583718], [0.06279159337282181, -0.45586338639259333, 0.8878321647644043], [9.25913014544449e-18, -0.8895875215530396, -0.45676481723785384]], "fy": 1250.0000504168488, "fx": 1250.0000504168488}, {"id": 52, "img_name": "r_52", "width": 800, "height": 800, "position": [0.45196399092674255, -3.577631950378418, 1.8017430305480957], "rotation": [[0.9921147227287296, 0.05601911619305611, -0.1121184825897217], [0.12533433735370636, -0.4434330761432648, 0.8875013589859009], [-3.725290734806958e-09, -0.8945553898811339, -0.4469574987888335]], "fy": 1250.0000504168488, "fx": 1250.0000504168488}, {"id": 53, "img_name": "r_53", "width": 800, "height": 800, "position": [0.6793807744979858, -3.5614171028137207, 1.7620300054550175], "rotation": [[0.9822871685028076, 0.08190594613552094, -0.16853363811969757], [0.1873824298381806, -0.42936342954635626, 0.8834789395332335], [-1.2481820435277104e-17, -0.8994099497795105, -0.4371058940887452]], "fy": 1250.0000504168488, "fx": 1250.0000504168488}, {"id": 54, "img_name": "r_54", "width": 800, "height": 800, "position": [0.9064124822616578, -3.530226707458497, 1.722183465957642], "rotation": [[0.9685829877853396, 0.1062460467219353, -0.22485326230525973], [0.24869102239608773, -0.41379901766777044, 0.8757414221763611], [7.450581461278128e-09, -0.9041470289230348, -0.42722111940383917]], "fy": 1250.0000504168488, "fx": 1250.0000504168488}, {"id": 55, "img_name": "r_55", "width": 800, "height": 800, "position": [1.1320374011993406, -3.4840393066406246, 1.6822491884231565], "rotation": [[0.9510564804077148, 0.1289577931165695, -0.2808239459991454], [0.3090181648731231, -0.396889716386795, 0.8642838597297666], [-0.0, -0.9087621569633483, -0.41731470823287964]], "fy": 1250.0000504168488, "fx": 1250.0000504168488}, {"id": 56, "img_name": "r_56", "width": 800, "height": 800, "position": [1.355229377746582, -3.422906875610352, 1.6422731876373289], "rotation": [[0.9297761917114259, 0.14997358620166776, -0.3361910581588744], [0.368125706911087, -0.37878870964050293, 0.8491187691688538], [5.069559356382727e-17, -0.9132506251335144, -0.4073978960514068]], "fy": 1250.0000504168488, "fx": 1250.0000504168488}, {"id": 57, "img_name": "r_57", "width": 800, "height": 800, "position": [1.5749630928039546, -3.346956491470337, 1.6023026704788206], "rotation": [[0.9048267006874084, 0.16924019157886505, -0.39070031046867365], [0.42578047513961786, -0.359652578830719, 0.8302778005599976], [2.5468788490111766e-17, -0.9176098108291626, -0.3974824249744415]], "fy": 1250.0000504168488, "fx": 1250.0000504168488}, {"id": 58, "img_name": "r_58", "width": 800, "height": 800, "position": [1.7902200222015383, -3.2563886642456055, 1.5623846054077153], "rotation": [[0.8763064146041872, 0.18671847879886633, -0.4440989792346955], [0.481754869222641, -0.3396386802196503, 0.8078107237815856], [-0.0, -0.9218362569808961, -0.3875799775123597]], "fy": 1250.0000504168488, "fx": 1250.0000504168488}, {"id": 59, "img_name": "r_59", "width": 800, "height": 800, "position": [1.9999942779541013, -3.1514778137207036, 1.522566556930542], "rotation": [[0.8443273901939392, 0.2023834884166717, -0.4961376190185547], [0.5358279943466185, -0.31890442967414867, 0.7817856073379517], [2.569964301854674e-17, -0.9259272217750549, -0.377702385187149]], "fy": 1250.0000504168488, "fx": 1250.0000504168488}, {"id": 60, "img_name": "r_60", "width": 800, "height": 800, "position": [2.2032985687255855, -3.0325720310211173, 1.4828966856002803], "rotation": [[0.8090164065361023, 0.21622391045093534, -0.5465710163116454], [0.5877863764762878, -0.29760587215423584, 0.7522884607315063], [5.161874697977115e-17, -0.929880678653717, -0.3678613603115081]], "fy": 1250.0000504168488, "fx": 1250.0000504168488}, {"id": 61, "img_name": "r_61", "width": 800, "height": 800, "position": [2.399169206619263, -2.9000895023345943, 1.4434226751327517], "rotation": [[0.770512640476227, 0.22824215888977054, -0.5951606035232545], [0.6374252438545228, -0.2758966386318206, 0.7194236516952512], [-5.183048205552758e-17, -0.9336949586868287, -0.35806909203529363]], "fy": 1250.0000504168488, "fx": 1250.0000504168488}, {"id": 62, "img_name": "r_62", "width": 800, "height": 800, "position": [2.5866718292236333, -2.754518270492554, 1.4041924476623533], "rotation": [[0.7289678454399109, 0.2384536564350128, -0.6416744589805602], [0.6845481991767883, -0.2539266645908355, 0.6833119988441464], [-0.0, -0.9373692870140077, -0.3483373522758484]], "fy": 1250.0000504168488, "fx": 1250.0000504168488}, {"id": 63, "img_name": "r_63", "width": 800, "height": 800, "position": [2.7649075984954825, -2.5964140892028813, 1.365254282951355], "rotation": [[0.6845462322235106, 0.24688588082790372, -0.6858891248703], [0.7289696335792542, -0.23184067010879517, 0.6440910696983339], [-1.4901162974742776e-08, -0.9409023523330688, -0.3386779129505158]], "fy": 1250.0000504168488, "fx": 1250.0000504168488}, {"id": 64, "img_name": "r_64", "width": 800, "height": 800, "position": [2.933016300201416, -2.426396369934082, 1.326655626296997], "rotation": [[0.6374230980873107, 0.2535783350467681, -0.7275918126106263], [0.7705141305923462, -0.20977774262428286, 0.6019148230552673], [-1.4901162976293124e-08, -0.9442942738533019, -0.3291027545928955]], "fy": 1250.0000504168488, "fx": 1250.0000504168488}, {"id": 65, "img_name": "r_65", "width": 800, "height": 800, "position": [3.090183973312377, -2.2451446056365967, 1.2884440422058103], "rotation": [[0.5877842903137207, 0.25858122110366816, -0.7665804028511047], [0.8090175986289978, -0.18786980211734772, 0.5569518804550171], [-0.0, -0.9475447535514832, -0.3196236491203308]], "fy": 1250.0000504168488, "fx": 1250.0000504168488}, {"id": 66, "img_name": "r_66", "width": 800, "height": 800, "position": [3.235644340515137, -2.053396701812744, 1.2506666183471677], "rotation": [[0.5358258485794067, 0.2619548738002777, -0.802664577960968], [0.844328761100769, -0.16624115407466888, 0.5093850493431091], [-2.2278426091062993e-17, -0.9506544470787048, -0.3102521896362304]], "fy": 1250.0000504168488, "fx": 1250.0000504168488}, {"id": 67, "img_name": "r_67", "width": 800, "height": 800, "position": [3.368684291839599, -1.851944446563721, 1.2133702039718628], "rotation": [[0.48175272345542913, 0.26376855373382574, -0.8356678485870361], [0.8763076066970826, -0.14500755071640015, 0.459410935640335], [1.4901166515893538e-08, -0.9536240100860595, -0.30100011825561523]], "fy": 1250.0000504168488, "fx": 1250.0000504168488}, {"id": 68, "img_name": "r_68", "width": 800, "height": 800, "position": [3.488648414611817, -1.6416280269622803, 1.1766008138656616], "rotation": [[0.4257782697677612, 0.26409998536109924, -0.8654271364212038], [0.9048277139663696, -0.12427561730146408, 0.4072377979755401], [7.45058237672314e-09, -0.9564554095268248, -0.29187873005867]], "fy": 1250.0000504168488, "fx": 1250.0000504168488}, {"id": 69, "img_name": "r_69", "width": 800, "height": 800, "position": [3.594941377639771, -1.423332571983337, 1.1404037475585935], "rotation": [[0.36812341213226313, 0.26303333044052124, -0.8917953968048097], [0.9297771453857422, -0.10414186865091322, 0.35308542847633356], [-2.4752297074887034e-17, -0.9591497182846068, -0.2828994095325469]], "fy": 1250.0000504168488, "fx": 1250.0000504168488}, {"id": 70, "img_name": "r_70", "width": 800, "height": 800, "position": [3.687031030654907, -1.197983741760254, 1.1048241853713991], "rotation": [[0.30901578068733226, 0.2606591880321503, -0.914639949798584], [0.9510570764541628, -0.08469293266534807, 0.29718321561813354], [-0.0, -0.9617090225219728, -0.2740731835365296]], "fy": 1250.0000504168488, "fx": 1250.0000504168488}, {"id": 71, "img_name": "r_71", "width": 800, "height": 800, "position": [3.7644519805908208, -0.966541588306427, 1.0699057579040527], "rotation": [[0.24868862330913546, 0.25707271695137024, -0.9338456988334656], [0.9685836434364319, -0.06600469350814821, 0.23976948857307434], [-3.725290723714825e-09, -0.9641355276107788, -0.265410989522934]], "fy": 1250.0000504168488, "fx": 1250.0000504168488}, {"id": 72, "img_name": "r_72", "width": 800, "height": 800, "position": [3.8268063068389893, -0.7299969792366027, 1.035691976547241], "rotation": [[0.18738001585006717, 0.2523728311061859, -0.9493139386177064], [0.9822876453399659, -0.04814234375953673, 0.18108998239040372], [-3.725290747419885e-09, -0.9664318561553953, -0.25692358613014216]], "fy": 1250.0000504168488, "fx": 1250.0000504168488}, {"id": 73, "img_name": "r_73", "width": 800, "height": 800, "position": [3.8737666606903085, -0.4893650412559509, 1.0022244453430174], "rotation": [[0.12533187866210938, 0.2466608583927154, -0.9609633684158325], [0.9921150803565979, -0.03116016276180745, 0.121396541595459], [-6.668022743369411e-18, -0.9686006903648376, -0.2486213147640228]], "fy": 1250.0000504168488, "fx": 1250.0000504168488}, {"id": 74, "img_name": "r_74", "width": 800, "height": 800, "position": [3.9050767421722408, -0.245681032538414, 0.9695447683334351], "rotation": [[0.06278911232948305, 0.24003984034061435, -0.9687303900718688], [0.998026967048645, -0.015101685188710691, 0.06094596907496452], [-9.313227957431707e-10, -0.9706454277038574, -0.24051448702812195]], "fy": 1250.0000504168488, "fx": 1250.0000504168488}, {"id": 75, "img_name": "r_75", "width": 800, "height": 800, "position": [3.9205524921417236, 5.65514710615389e-06, 0.9376928806304932], "rotation": [[-1.4424365417653458e-06, 0.23261293768882754, -0.9725694656372068], [1.0000001192092896, 3.355293358708878e-07, -1.4028694295120658e-06], [-2.842171618776263e-14, -0.9725691676139832, -0.2326129972934723]], "fy": 1250.0000504168488, "fx": 1250.0000504168488}, {"id": 76, "img_name": "r_76", "width": 800, "height": 800, "position": [3.9200830459594735, 0.24663649499416354, 0.9067077636718751], "rotation": [[-0.06279199570417404, 0.2244827002286911, -0.9724528193473816], [0.9980268478393554, 0.014123586006462572, -0.06118297949433326], [9.313227973930054e-10, -0.9743758440017698, -0.22492650151252747]], "fy": 1250.0000504168488, "fx": 1250.0000504168488}, {"id": 77, "img_name": "r_77", "width": 800, "height": 800, "position": [3.9036302566528316, 0.4931491017341613, 0.8766271471977235], "rotation": [[-0.12533472478389737, 0.2157496064901352, -0.9683713912963868], [0.9921145439147949, 0.02725584246218204, -0.12233522534370421], [1.8626453728727774e-09, -0.976068139076233, -0.21746441721916202]], "fy": 1250.0000504168488, "fx": 1250.0000504168488}, {"id": 78, "img_name": "r_78", "width": 800, "height": 800, "position": [3.871228218078613, 0.7384824156761168, 0.8474875688552856], "rotation": [[-0.1873828321695328, 0.20651191473007202, -0.9603336453437804], [0.9822871088981628, 0.03939457982778549, -0.18319495022296906], [-6.663654747622124e-18, -0.9776508808135987, -0.21023581922054294]], "fy": 1250.0000504168488, "fx": 1250.0000504168488}, {"id": 79, "img_name": "r_79", "width": 800, "height": 800, "position": [3.8229837417602544, 0.9815817475318909, 0.8193241357803346], "rotation": [[-0.24869143962860107, 0.1968637853860855, -0.9483655095100403], [0.9685829281806947, 0.050546359270811074, -0.24350045621395106], [3.725291178604323e-09, -0.9791269898414613, -0.2032493054866791]], "fy": 1250.0000504168488, "fx": 1250.0000504168488}, {"id": 80, "img_name": "r_80", "width": 800, "height": 800, "position": [3.759073972702026, 1.22140371799469, 0.7921710014343262], "rotation": [[-0.3090185523033142, 0.18689528107643127, -0.9325113892555237], [0.951056182384491, 0.060726284980773926, -0.30299293994903564], [-0.0, -0.9805010557174683, -0.19651341438293457]], "fy": 1250.0000504168488, "fx": 1250.0000504168488}, {"id": 81, "img_name": "r_81", "width": 800, "height": 800, "position": [3.6797461509704585, 1.456921339035034, 0.7660605311393738], "rotation": [[-0.3681260943412781, 0.17669111490249634, -0.9128326773643493], [0.9297760725021362, 0.06995728611946107, -0.3614177107810974], [-0.0, -0.9817771911621095, -0.19003622233867645]], "fy": 1250.0000504168488, "fx": 1250.0000504168488}, {"id": 82, "img_name": "r_82", "width": 800, "height": 800, "position": [3.5853147506713867, 1.6871281862258918, 0.7410240173339845], "rotation": [[-0.425780862569809, 0.16633008420467377, -0.8894072175025939], [0.9048265218734742, 0.07826933264732362, -0.41852504014968883], [7.45058235620143e-09, -0.9829587936401366, -0.18382544815540314]], "fy": 1250.0000504168488, "fx": 1250.0000504168488}, {"id": 83, "img_name": "r_83", "width": 800, "height": 800, "position": [3.4761607646942143, 1.9110430479049683, 0.7170910835266113], "rotation": [[-0.4817551970481871, 0.1558846831321717, -0.8623295426368713], [0.8763060569763182, 0.0856986567378044, -0.47407153248786926], [-7.450581477437117e-09, -0.9840507507324218, -0.17788843810558316]], "fy": 1250.0000504168488, "fx": 1250.0000504168488}, {"id": 84, "img_name": "r_84", "width": 800, "height": 800, "position": [3.3527290821075435, 2.127714633941651, 0.6942901611328126], "rotation": [[-0.5358282923698425, 0.14542032778263092, -0.8317098021507263], [0.8443270921707153, 0.0922868847846985, -0.5278210639953614], [-7.450581494350572e-09, -0.9850565195083618, -0.17223221063613892]], "fy": 1250.0000504168488, "fx": 1250.0000504168488}, {"id": 85, "img_name": "r_85", "width": 800, "height": 800, "position": [3.2155249118804936, 2.33622407913208, 0.6726480722427367], "rotation": [[-0.5877867937088013, 0.13499522209167483, -0.79767382144928], [0.809016227722168, 0.09808012843132019, -0.57954603433609], [1.106994906623995e-17, -0.9859800934791565, -0.1668635159730911]], "fy": 1250.0000504168488, "fx": 1250.0000504168488}, {"id": 86, "img_name": "r_86", "width": 800, "height": 800, "position": [3.065113306045533, 2.5356910228729244, 0.652190089225769], "rotation": [[-0.6374256014823912, 0.1246599406003952, -0.7603611350059508], [0.7705125212669371, 0.10312803089618683, -0.6290276050567626], [-7.450584155728073e-09, -0.9868253469467162, -0.1617884635925293]], "fy": 1250.0000504168488, "fx": 1250.0000504168488}, {"id": 87, "img_name": "r_87", "width": 800, "height": 800, "position": [2.902113199234009, 2.72527527809143, 0.6329401135444641], "rotation": [[-0.6845484972000122, 0.11445747315883635, -0.7199256420135498], [0.7289674878120423, 0.10748310387134552, -0.6760575771331787], [1.9981955953991408e-17, -0.9875966310501098, -0.15701311826705933]], "fy": 1250.0000504168488, "fx": 1250.0000504168488}, {"id": 88, "img_name": "r_88", "width": 800, "height": 800, "position": [2.727197647094727, 2.904180765151977, 0.6149204969406128], "rotation": [[-0.728969991207123, 0.10442268848419191, -0.6765344738960266], [0.6845459938049316, 0.11119924485683443, -0.720438539981842], [-7.450582347392015e-09, -0.9882968664169312, -0.15254299342632294]], "fy": 1250.0000504168488, "fx": 1250.0000504168488}, {"id": 89, "img_name": "r_89", "width": 800, "height": 800, "position": [2.5410878658294678, 3.071658611297607, 0.5981520414352417], "rotation": [[-0.7705147266387942, 0.09458286315202713, -0.6303663253784179], [0.6374229192733765, 0.1143314465880394, -0.7619847059249877], [7.450584128340824e-09, -0.9889300465583802, -0.1483832597732544]], "fy": 1250.0000504168488, "fx": 1250.0000504168488}, {"id": 90, "img_name": "r_90", "width": 800, "height": 800, "position": [2.344551086425781, 3.2270100116729727, 0.5826539993286132], "rotation": [[-0.8090180754661561, 0.08495748788118362, -0.5816117525100708], [0.5877838134765625, 0.11693438887596128, -0.8005229234695433], [-7.450580617411411e-09, -0.9894990921020508, -0.14453871548175812]], "fy": 1250.0000504168488, "fx": 1250.0000504168488}, {"id": 91, "img_name": "r_91", "width": 800, "height": 800, "position": [2.138397455215455, 3.369588613510132, 0.5684441328048707], "rotation": [[-0.8443291187286377, 0.07555866986513139, -0.5304710268974305], [0.5358253717422485, 0.11906188726425175, -0.8358919620513914], [-0.0, -0.9900076389312744, -0.14101362228393557]], "fy": 1250.0000504168488, "fx": 1250.0000504168488}, {"id": 92, "img_name": "r_92", "width": 800, "height": 800, "position": [1.923474669456482, 3.498802900314331, 0.555538773536682], "rotation": [[-0.8763077259063723, 0.06639132648706438, -0.47715538740158087], [0.4817521274089813, 0.12076590210199359, -0.8679462671279906], [-3.725291179415858e-09, -0.9904584884643556, -0.13781222701072696]], "fy": 1250.0000504168488, "fx": 1250.0000504168488}, {"id": 93, "img_name": "r_93", "width": 800, "height": 800, "position": [1.7006664276123051, 3.614118099212647, 0.543952465057373], "rotation": [[-0.9048280119895935, 0.05745357275009156, -0.4218834638595582], [0.4257776439189912, 0.12209565937519076, -0.8965524435043335], [1.3750861078721257e-17, -0.9908539652824402, -0.13493801653385165]], "fy": 1250.0000504168488, "fx": 1250.0000504168488}, {"id": 94, "img_name": "r_94", "width": 800, "height": 800, "position": [1.4708871841430664, 3.7150580883026123, 0.5336983799934387], "rotation": [[-0.9297773241996766, 0.04873733595013619, -0.3648822009563446], [0.3681227564811706, 0.12309716641902926, -0.9215924739837648], [-1.3755621503146502e-17, -0.9911969900131227, -0.13239426910877228]], "fy": 1250.0000504168488, "fx": 1250.0000504168488}, {"id": 95, "img_name": "r_95", "width": 800, "height": 800, "position": [1.2350789308547971, 3.801207304000854, 0.5247880816459655], "rotation": [[-0.9510573148727418, 0.040228795260190964, -0.3063853979110717], [0.309015154838562, 0.12381232529878615, -0.9429636001586914], [-0.0, -0.9914897680282594, -0.13018392026424408]], "fy": 1250.0000504168488, "fx": 1250.0000504168488}, {"id": 96, "img_name": "r_96", "width": 800, "height": 800, "position": [0.9942068457603456, 3.8722116947174077, 0.5172316431999208], "rotation": [[-0.9685838222503663, 0.031908996403217316, -0.24663236737251282], [0.24868802726268768, 0.12427836656570435, -0.9605774879455565], [3.725291188879044e-09, -0.9917340874671937, -0.12830938398838043]], "fy": 1250.0000504168488, "fx": 1250.0000504168488}, {"id": 97, "img_name": "r_97", "width": 800, "height": 800, "position": [0.7492559552192686, 3.9277801513671866, 0.5110374689102172], "rotation": [[-0.9822879433631896, 0.023754600435495373, -0.18586753308773035], [0.18737939000129697, 0.12452734261751174, -0.9743624329566954], [-0.0, -0.9919317960739135, -0.12677280604839325]], "fy": 1250.0000504168488, "fx": 1250.0000504168488}, {"id": 98, "img_name": "r_98", "width": 800, "height": 800, "position": [0.5012269616127015, 3.9676845073699947, 0.5062126517295836], "rotation": [[-0.9921150803565979, 0.01573858223855495, -0.12433911859989166], [0.125331237912178, 0.12458574026823041, -0.9842615127563475], [-0.0, -0.9920841455459594, -0.125575914978981]], "fy": 1250.0000504168488, "fx": 1250.0000504168488}, {"id": 99, "img_name": "r_99", "width": 800, "height": 800, "position": [0.25113210082054144, 3.991761684417724, 0.5027624368667603], "rotation": [[-0.9980270266532898, 0.007830977439880371, -0.062298227101564414], [0.06278847157955171, 0.1244739294052124, -0.9902345538139343], [4.656613431846008e-10, -0.9921920895576476, -0.12472005188465117]], "fy": 1250.0000504168488, "fx": 1250.0000504168488}, {"id": 100, "img_name": "r_100", "width": 800, "height": 800, "position": [-8.328596777573695e-06, 3.999913692474365, 0.5006908178329468], "rotation": [[-1.0000001192092896, -2.5862124175546336e-07, 2.0660706923081307e-06], [-2.082194441754837e-06, 0.12420612573623656, -0.9922565817832947], [-2.842171288284971e-14, -0.9922565817832947, -0.12420611828565598]], "fy": 1250.0000504168488, "fx": 1250.0000504168488}, {"id": 101, "img_name": "r_101", "width": 800, "height": 800, "position": [-0.2511704862117766, 3.992106437683105, 0.4999999999999999], "rotation": [[-0.998026728630066, -0.007788465823978185, 0.062307734042406075], [-0.06279262900352478, 0.1237899661064148, -0.9903198480606077], [1.721327699546817e-18, -0.9922778606414795, -0.12403474748134612]], "fy": 1250.0000504168488, "fx": 1250.00005041